aaa
0 0 2 0 2
0 0 2 0 3
0 0 2 0 4
-100001 0 2 0 5
-100001 0 2 0 6
0 0 2 1 3
0 0 2 1 4
-100001 0 2 1 5
-100001 0 2 1 6
0 0 2 2 4
-100001 0 2 2 5
-100001 0 2 2 6
-100001 0 2 3 5
-100001 0 2 3 6
0 0 2 4 6
0 0 3 0 2
-100001 0 3 0 3
-200002 0 3 0 4
-400004 0 3 0 5
-500005 0 3 0 6
-100001 0 3 1 3
-200002 0 3 1 4
-400004 0 3 1 5
-500005 0 3 1 6
-100001 0 3 2 4
-300003 0 3 2 5
-400004 0 3 2 6
-200002 0 3 3 5
-300003 0 3 3 6
-100001 0 3 4 6
0 0 4 0 2
-200002 0 4 0 3
6 0 4 0 4
-600006 0 4 0 5
-700007 0 4 0 6
-200002 0 4 1 3
-300003 0 4 1 4
-600006 0 4 1 5
-700007 0 4 1 6
-100001 0 4 2 4
-400004 0 4 2 5
-500005 0 4 2 6
-300003 0 4 3 5
-400004 0 4 3 6
-100001 0 4 4 6
-100001 0 5 0 2
-400004 0 5 0 3
-600006 0 5 0 4
-1000010 0 5 0 5
-1100011 0 5 0 6
-300003 0 5 1 3
-500005 0 5 1 4
-900009 0 5 1 5
-1000010 0 5 1 6
-200002 0 5 2 4
-600006 0 5 2 5
-700007 0 5 2 6
-400004 0 5 3 5
-500005 0 5 3 6
-100001 0 5 4 6
-100001 0 6 0 2
-500005 0 6 0 3
-700007 0 6 0 4
-1100011 0 6 0 5
-1200012 0 6 0 6
-400004 0 6 1 3
-600006 0 6 1 4
-1000010 0 6 1 5
-1100011 0 6 1 6
-200002 0 6 2 4
-600006 0 6 2 5
-700007 0 6 2 6
-400004 0 6 3 5
-500005 0 6 3 6
-100001 0 6 4 6
0 1 3 0 2
-100001 1 3 0 3
-200002 1 3 0 4
-300003 1 3 0 5
-400004 1 3 0 6
-100001 1 3 1 3
-200002 1 3 1 4
-300003 1 3 1 5
-400004 1 3 1 6
-100001 1 3 2 4
-200002 1 3 2 5
-300003 1 3 2 6
-100001 1 3 3 5
-200002 1 3 3 6
-100001 1 3 4 6
0 1 4 0 2
-200002 1 4 0 3
-300003 1 4 0 4
-500005 1 4 0 5
-600006 1 4 0 6
-200002 1 4 1 3
-300003 1 4 1 4
-500005 1 4 1 5
-600006 1 4 1 6
-100001 1 4 2 4
-300003 1 4 2 5
-400004 1 4 2 6
-200002 1 4 3 5
-300003 1 4 3 6
-100001 1 4 4 6
-100001 1 5 0 2
-400004 1 5 0 3
-600006 1 5 0 4
-900009 1 5 0 5
-1000010 1 5 0 6
-300003 1 5 1 3
-500005 1 5 1 4
-800008 1 5 1 5
-900009 1 5 1 6
-200002 1 5 2 4
-500005 1 5 2 5
-600006 1 5 2 6
-300003 1 5 3 5
-400004 1 5 3 6
-100001 1 5 4 6
-100001 1 6 0 2
-500005 1 6 0 3
-700007 1 6 0 4
-1000010 1 6 0 5
-1100011 1 6 0 6
-400004 1 6 1 3
-600006 1 6 1 4
-900009 1 6 1 5
-1000010 1 6 1 6
-200002 1 6 2 4
-500005 1 6 2 5
-600006 1 6 2 6
-300003 1 6 3 5
-400004 1 6 3 6
-100001 1 6 4 6
0 2 4 0 2
-100001 2 4 0 3
-100001 2 4 0 4
-200002 2 4 0 5
-200002 2 4 0 6
-100001 2 4 1 3
-100001 2 4 1 4
-200002 2 4 1 5
-200002 2 4 1 6
1 2 4 2 4
-100001 2 4 2 5
-100001 2 4 2 6
-100001 2 4 3 5
-100001 2 4 3 6
0 2 4 4 6
-100001 2 5 0 2
-300003 2 5 0 3
-400004 2 5 0 4
-600006 2 5 0 5
-600006 2 5 0 6
-200002 2 5 1 3
-300003 2 5 1 4
-500005 2 5 1 5
-500005 2 5 1 6
-100001 2 5 2 4
-300003 2 5 2 5
-300003 2 5 2 6
-200002 2 5 3 5
-200002 2 5 3 6
0 2 5 4 6
-100001 2 6 0 2
-400004 2 6 0 3
-500005 2 6 0 4
-700007 2 6 0 5
-700007 2 6 0 6
-300003 2 6 1 3
-400004 2 6 1 4
-600006 2 6 1 5
-600006 2 6 1 6
-100001 2 6 2 4
-300003 2 6 2 5
6 2 6 2 6
-200002 2 6 3 5
-200002 2 6 3 6
0 2 6 4 6
-100001 3 5 0 2
-200002 3 5 0 3
-300003 3 5 0 4
-400004 3 5 0 5
-400004 3 5 0 6
-100001 3 5 1 3
-200002 3 5 1 4
-300003 3 5 1 5
-300003 3 5 1 6
-100001 3 5 2 4
-200002 3 5 2 5
-200002 3 5 2 6
-100001 3 5 3 5
-100001 3 5 3 6
0 3 5 4 6
-100001 3 6 0 2
-300003 3 6 0 3
-400004 3 6 0 4
-500005 3 6 0 5
-500005 3 6 0 6
-200002 3 6 1 3
-300003 3 6 1 4
-400004 3 6 1 5
-400004 3 6 1 6
-100001 3 6 2 4
-200002 3 6 2 5
-200002 3 6 2 6
-100001 3 6 3 5
-100001 3 6 3 6
0 3 6 4 6
0 4 6 0 2
-100001 4 6 0 3
-100001 4 6 0 4
-100001 4 6 0 5
-100001 4 6 0 6
-100001 4 6 1 3
-100001 4 6 1 4
-100001 4 6 1 5
-100001 4 6 1 6
0 4 6 2 4
0 4 6 2 5
0 4 6 2 6
0 4 6 3 5
0 4 6 3 6
0 4 6 4 6
6
